A 00000001 00000000
00100
01010
10001
10001
11111
10001
10001
B 00000000 00000001
11110
10001
10001
11110
10001
10001
11110
C 00000000 00000010
11111
10001
10000
10000
10000
10001
11111
D 00000000 00000011
11100
10010
10001
10001
10001
10010
11100
E 00000001 00000101
11111
10000
10000
11111
10000
10000
11111
F 00000000 00000110
11111
10000
10000
11111
10000
10000
10000
G 00000000 00000111
11111
10000
10000
10111
10001
10001
11111
H 00000000 00001000
10001
10001
10001
11111
10001
10001
10001
I 00000001 00001001
11111
00100
00100
00100
00100
00100
11111
J 00000000 00001010
00001
00001
00001
00001
00001
10001
01110
K 00000000 00001011
10001
10010
10100
11000
10100
10010
10001
L 00000000 00001100
10000
10000
10000
10000
10000
10000
11111
M 00000000 00001101
10001
11011
10101
10001
10001
10001
10001
N 00000000 00001110
10001
11001
11101
10101
10111
10011
10001
O 00000001 00001111
01110
10001
10001
10001
10001
10001
01110
P 00000000 00010000
11110
10001
10001
11110
10000
10000
10000
Q 00000000 00010001
01100
10010
10010
10010
10110
01110
00001
R 00000000 00010010
11110
10001
10001
11110
10100
10010
10001
S 00000000 00010011
01111
10000
10000
01110
00001
00001
11110
T 00000000 00010100
11111
00100
00100
00100
00100
00100
00100
U 00000001 00010101
10001
10001
10001
10001
10001
10001
01110
V 00000000 00010110
10001
10001
10001
10001
01010
01010
00100
W 00000000 00010111
10001
10001
10001
10001
10101
11011
10001
X 00000000 00011000
10001
01010
01010
00100
01010
01010
10001
Y 00000000 00011001
10001
01010
01010
00100
00100
00100
00100
Z 00000000 00011010
11111
00001
00010
00100
01000
10000
11111