A Vowel
00100
01010
10001
11111
10001
10001
10001
B Consonant
11110
10001
10001
11110
10001
10001
11110
C Consonant
11111
10001
10000
10000
10000
10001
11111
D Consonant
11100
10010
10001
10001
10001
10010
11100
E Vowel
11111
10000
10000
11111
10000
10000
11111
F Consonant
11111
10000
10000
11111
10000
10000
10000
G Consonant
11111
10000
10000
10111
10001
10001
11111
H Consonant
10001
10001
10001
11111
10001
10001
10001
I Vowel
11111
00100
00100
00100
00100
00100
11111
J Consonant
00001
00001
00001
00001
10001
01010
00100
K Consonant
10001
10010
10100
11000
10100
10010
10001
L Consonant
10000
10000
10000
10000
10000
10000
11111
M Consonant
10001
11011
10101
10001
10001
10001
10001
N Consonant
10001
11001
11101
10101
10111
10011
10001
O Vowel
01110
10001
10001
10001
10001
10001
01110
P Consonant
11110
10001
10001
11110
10000
10000
10000
Q Consonant
01100
10010
10010
10010
10110
01110
00001
R Consonant
11110
10001
10001
11110
10100
10010
10001
S Consonant
01111
10000
10000
01110
00001
00001
11110
T Consonant
11111
00100
00100
00100
00100
00100
00100
U Vowel
10001
10001
10001
10001
10001
10001
01110
V Consonant
10001
10001
10001
10001
01010
01010
00100
W Consonant
10001
10001
10001
10001
10101
11011
10001
X Consonant
10001
01010
01010
00100
01010
01010
10001
Y Consonant
10001
01010
01010
00100
00100
00100
00100
Z Consonant
11111
00001
00010
00100
01000
10000
11111